17
18
47
62
86
143
162
246
251
257
282
306
383
395
410
413
446
470
503
527
551
563
587
593
602
606
635
642
650
678
746
786
797
803
806
815
845
846
887
911
918
947
965
983
1046
1055
1062
1073
1082
1085
1115
1133
1151
1157
1182
1253
1262
1265
1277
1301
1361
1362
1391
1398
1422
1457
1493
1517
1530
1550
1602
1661
1685
1686
1710
1787
1793
1802
1805
1823
1847
1902
1910
1946
2010
2015
2033
2045
2046
2087
2177
2213
2267
2315
2330
2358
2366
2370
2406
2423
2430
2465
2477
2495
2502
2561
2567
2570
2582
2586
2610
2627
2630
2658
2705
2750
2765
2801
2802
2813
2826
2837
2838
2846
2861
2897
2927
2966
2990
3002
3005
3006
3047
3053
3078
3090
3110
3137
3162
3182
3186
3191
3233
3242
3251
3270
3330
3350
3437
3446
3461
3470
3473
3485
3530
3533
3551
3558
3582
3630
3701
3702
3755
3767
3806
3810
3845
3857
3882
3887
3942
3953
3971
3995
4007
4010
4070
4098
4190
4193
4223
4247
4250
4271
4302
4338
4350
4382
4406
4415
4422
4427
4430
4482
4517
4518
4535
4550
4565
4577
4586
4595
4607
4637
4667
4682
4685
4770
4790
4806
4826
4853
4865
4890
4913
4926
4961
5030
5045
5066
5126
5141
5142
5213
5237
5255
5267
5286
5291
5297
5342
5358
5366
5441
5466
5486
5490
5507
5537
5573
5582
5603
5621
5630
5645
5682
5687
5690
5693
5726
5742
5862
5870
5921
5927
5930
5958
5963
5966
5987
6047
6065
6086
6095
6110
6113
6155
6170
6215
6221
6222
6230
6245
6317
6326
6330
6366
6407
6410
6497
6533
6546
6582
6623
6635
6653
6677
6710
6746
6782
6798
6821
6863
6887
6911
6977
6986
7038
7082
7085
7115
7146
7157
7166
7205
7223
7286
7301
7310
7326
7397
7451
7466
7470
7493
7505
7535
7542
7550
7553
7565
7578
7667
7670
7698
7703
7727
7802
7866
7877
7886
7943
7946
7982
8003
8090
8102
8118
8126
8202
8246
8255
8270
8291
8298
8303
8321
8342
8357
8405
8447
8462
8465
8490
8550
8562
8567
8570
8573
8586
8606
8666
8693
8726
8766
8807
8813
8843
8850
8867
8906
8910
8922
8951
8958
8982
8990
8993
9053
9062
9077
9090
9101
9138
9162
9210
9215
9246
9263
9287
9318
9323
9326
9383
9467
9486
9498
9515
9551
9590
9606
9630
9767
9803
9810
9821
9866
9882
9953
9966
10002
10026
10046
10070
10085
10097
10127
10146
10202
10205
10250
10278
10286
10326
10350
10373
10391
10397
10442
10517
10526
10550
10565
10566
10602
10613
10646
10685
10722
10742
10746
10818
10830
10862
10865
10886
10913
10982
11027
11030
11045
11063
11102
11117
11118
11153
11195
11201
11210
11213
11250
11255
11262
11270
11297
11322
11327
11357
11370
11402
11406
11430
11462
11471
11537
11538
11546
11555
11582
11597
11606
11610
11690
11730
11766
11783
11790
11837
11862
11867
11873
11898
11966
11990
12006
12035
12042
12086
12110
12155
12161
12182
12198
12203
12230
12245
12287
12293
12323
12365
12371
12407
12461
12470
12486
12566
12602
12605
12618
12641
12677
12701
12746
12773
12782
12815
12917
12926
12935
12942
12983
12990
13046
13082
13122
13127
13133
13142
13235
13242
13286
13301
13302
13370
13373
13406
13421
13446
13463
13502
13517
13547
13553
13601
13610
13637
13655
13667
13685
13691
13746
13766
13805
13823
13835
13877
13901
13907
13926
13967
14022
14045
14087
14106
14111
14130
14150
14178
14183
14202
14243
14250
14255
14261
14327
14330
14351
14358
14418
14462
14465
14466
14477
14513
14526
14570
14591
14597
14645
14657
14663
14666
14670
14687
14702
14726
14750
14765
14783
14807
14810
14813
14843
14885
14886
14915
14942
14945
14966
14990
15023
15035
15083
15086
15110
15143
15146
15167
15185
15197
15222
15230
15242
15287
15318
15326
15347
15350
15371
15462
15470
15473
15503
15510
15530
15533
15557
15566
15587
15606
15686
15690
15695
15707
15726
15762
15786
15857
15866
15893
15923
15983
16007
16046
16050
16085
16151
16158
16166
16190
16193
16202
16218
16253
16262
16277
16362
16382
16445
16511
16526
16535
16541
16550
16571
16626
16721
16730
16733
16757
16806
16817
16823
16826
16830
16866
16886
16910
16967
16970
16997
17006
17093
17126
17153
17201
17202
17270
17306
17310
17342
17351
17405
17411
17442
17447
17450
17462
17471
17477
17495
17510
17546
17562
17582
17585
17606
17615
17622
17633
17642
17645
17687
17702
17723
17747
17786
17802
17813
17838
17870
17882
17957
18030
18053
18062
18066
18090
18161
18245
18251
18317
18335
18401
18410
18446
18455
18470
18485
18506
18545
18551
18602
18630
18641
18647
18650
18662
18671
18707
18750
18782
18786
18815
18830
18845
18846
18918
18923
19002
19073
19085
19130
19146
19182
19190
19206
19211
19242
19265
19283
19310
19361
19370
19382
19386
19397
19398
19427
19458
19466
19493
19502
19517
19535
19542
19566
19638
19655
19722
19745
19757
19763
19790
19818
19841
19853
19883
19910
19946
19955
19962
19985
19991
19998
20010
20063
20090
20123
20126
20165
20177
20178
20207
20250
20273
20298
20322
20327
20366
20406
20435
20442
20471
20477
20502
20543
20606
20621
20666
20705
20747
20762
20807
20813
20846
20862
20870
20891
20897
20910
20942
20963
20966
21050
21083
21107
21143
21150
21173
21182
21198
21222
21233
21270
21335
21407
21443
21446
21467
21482
21521
21522
21527
21533
21558
21563
21605
21611
21666
21695
21701
21770
21773
21797
21803
21810
21845
21906
21917
21926
21947
21971
22010
22026
22070
22097
22122
22142
22170
22206
22247
22277
22337
22338
22343
22346
22350
22373
22391
22406
22422
22446
22493
22502
22511
22526
22535
22550
22577
22586
22590
22613
22646
22655
22685
22721
22746
22751
22766
22782
22787
22842
22913
22955
23030
23106
23126
23130
23147
23150
23162
23202
23238
23243
23246
23261
23270
23342
23351
23390
23418
23430
23435
23510
23543
23567
23582
23591
23621
23642
23702
23706
23711
23747
23750
23778
23837
23846
23870
23882
23886
23903
23933
23957
23958
23987
24017
24023
24042
24071
24167
24170
24186
24197
24222
24251
24257
24317
24341
24401
24410
24426
24467
24470
24498
24506
24527
24545
24582
24605
24606
24641
24653
24678
24701
24710
24785
24821
24827
24830
24965
25013
25070
25086
25115
25122
25133
25205
25217
25223
25230
25247
25271
25277
25310
25313
25382
25415
25451
25466
25470
25502
25511
25526
25535
25583
25590
25650
25661
25667
25722
25745
25766
25770
25793
25811
25835
25862
25866
25886
25985
26003
26010
26021
26022
26030
26046
26058
26123
26126
26165
26186
26190
26262
26282
26321
26342
26390
26462
26486
26501
26510
26526
26550
26573
26615
26630
26706
26711
26735
26741
26762
26766
26795
26801
26813
26850
26870
26897
26945
26946
26957
27002
27030
27047
27071
27077
27086
27137
27138
27146
27173
27197
27198
27210
27215
27221
27233
27290
27302
27383
27386
27390
27407
27413
27443
27450
27462
27467
27470
27491
27530
27551
27570
27653
27666
27677
27683
27713
27743
27761
27797
27806
27821
27830
27845
27866
27893
27905
27911
27990
28001
28010
28038
28055
28097
28103
28106
28110
28127
28163
28170
28187
28202
28205
28241
28262
28271
28278
28295
28346
28367
28397
28406
28458
28463
28506
28565
28607
28638
28670
28691
28722
28742
28757
28790
28805
28811
28830
28901
28902
28943
28955
28970
29063
29082
29126
29135
29141
29142
29150
29162
29165
29226
29246
29297
29298
29342
29345
29390
29393
29402
29405
29462
29478
29486
29502
29538
29550
29582
29585
29615
29630
29693
29777
29783
29826
29861
29870
29885
29921
29927
29930
29942
29951
29982
30006
30026
30071
30078
30113
30126
30170
30173
30203
30222
30263
30330
30347
30365
30378
30407
30410
30437
30438
30506
30533
30557
30635
30641
30650
30677
30686
30762
30767
30798
30803
30815
30882
30971
31026
31046
31055
31061
31103
31163
31230
31262
31265
31266
31295
31313
31355
31373
31386
31415
31445
31517
31518
31530
31602
31607
31643
31670
31698
31745
31806
31818
31841
31850
31862
31886
31890
31895
31910
31937
31950
31997
32006
32022
32027
32051
32063
32070
32090
32093
32102
32142
32171
32250
32261
32282
32285
32310
32321
32346
32390
32405
32417
32426
32447
32462
32483
32490
32513
32567
32573
32591
32651
32666
32670
32693
32717
32723
32741
32783
32837
32861
32885
32891
32906
32922
32927
32945
32987
32993
33042
33062
33078
33086
33101
33210
33230
33245
33246
33258
33263
33282
33290
33318
33341
33350
33366
33386
33470
33473
33482
33498
33503
33521
33557
33563
33617
33623
33626
33677
33678
33686
33710
33713
33761
33782
33786
33797
33815
33827
33830
33851
34002
34007
34038
34085
34097
34103
34142
34182
34187
34202
34211
34218
34277
34301
34310
34326
34338
34385
34403
34430
34446
34487
34511
34518
34541
34547
34583
34607
34613
34626
34646
34662
34667
34730
34751
34758
34766
34790
34805
34817
34877
34910
34967
34970
34973
35021
35045
35057
35066
35082
35087
35093
35102
35130
35135
35195
35201
35210
35213
35237
35243
35297
35298
35327
35370
35382
35387
35418
35447
35471
35477
35495
35546
35573
35586
35591
35615
35621
35702
35717
35723
35726
35747
35750
35766
35777
35838
35846
35850
35870
35915
35933
35946
35990
36011
36017
36062
36065
36077
36095
36102
36110
36143
36161
36203
36282
36287
36293
36305
36306
36311
36326
36353
36395
36401
36455
36461
36470
36486
36506
36533
36542
36545
36557
36605
36653
36755
36767
36782
36822
36842
36846
36935
36965
36990
37007
37038
37046
37062
37067
37073
37098
37130
37146
37190
37218
37235
37310
37326
37350
37367
37370
37382
37397
37427
37470
37487
37526
37530
37541
37565
37571
37637
37638
37661
37670
37686
37691
37742
37746
37757
37763
37782
37790
37850
37862
37946
37973
37991
37997
38046
38102
38117
38118
38126
38141
38186
38190
38237
38303
38330
38333
38351
38405
38406
38447
38453
38510
38513
38543
38561
38586
38603
38622
38646
38687
38730
38771
38807
38846
38897
38957
38966
38982
39006
39035
39041
39062
39090
